1000
1500
0.036
1500
2000
0.076
2000
2500
0.143
2500
3000
0.197
3000
3500
0.235
3500
4000
0.324
4000
4500
0.402
4500
5000
0.5
5000
5500
0.674
5500
6000
0.697
6000
6500
0.822
6500
7000
0.958
7000
7500
1.094
7500
8000
1.295
8000
8500
1.559
8500
9000
1.819
9000
9500
1.794
9500
10000
1.981
10000
10500
2.157
10500
11000
2.681
11000
11500
2.559
11500
12000
2.8
12000
12500
3.168
12500
13000
3.284
13000
13500
3.665
13500
14000
3.906
14000
14500
4.132
14500
15000
4.354
15000
15500
4.703
15500
16000
5.098
16000
16500
5.407
16500
17000
5.803
17000
17500
6.528
17500
18000
7.101
18000
18500
6.756
18500
19000
8.81
19000
19500
9.117
19500
20000
8.363
20000
20500
8.778
20500
21000
8.853
21000
21500
9.3
21500
22000
11.199
22000
22500
10.794
22500
23000
10.77
23000
23500
11.356
23500
24000
13.714
24000
24500
11.986
24500
25000
12.715
25000
25500
14.055
25500
26000
16.897
26000
26500
14.431
26500
27000
16.754
27000
27500
16.365
27500
28000
16.784
28000
28500
16.461
28500
29000
17.317
29000
29500
18.195
29500
30000
19.389
30000
30500
19.119
30500
31000
19.914
31000
31500
20.627
31500
32000
22.048
32000
32500
23.032
32500
33000
23.006
33000
33500
22.653
33500
34000
25.676
34000
34500
23.674
34500
35000
25.462
35000
35500
25.01
35500
36000
29.134
36000
36500
28.165
36500
37000
26.864
37000
37500
30.638
37500
38000
32.478
38000
38500
32.383
38500
39000
30.508
39000
39500
32.948
39500
40000
33.811
40000
40500
34.834
40500
41000
33.782
41000
41500
35.467
41500
42000
37.049
42000
42500
37.347
42500
43000
41.158
43000
43500
38.676
43500
44000
40.314
44000
44500
41.062
44500
45000
41.468
45000
45500
43.008
45500
46000
41.923
46000
46500
43.053
46500
47000
45.023
47000
47500
47.932
47500
48000
50.966
48000
48500
58.091
48500
49000
48.925
49000
49500
56.934
49500
50000
52.172
50000
50500
57.609
50500
51000
57.439
