1000
1000
0.025
2000
2000
0.087
3000
3000
0.201
4000
4000
0.342
5000
5000
0.515
6000
6000
0.743
7000
7000
1.003
8000
8000
1.37
9000
9000
1.64
10000
10000
2.072
11000
11000
2.433
12000
12000
2.994
13000
13000
3.456
14000
14000
3.948
15000
15000
4.563
16000
16000
5.232
17000
17000
5.891
18000
18000
7.223
19000
19000
8.019
20000
20000
8.849
21000
21000
10.578
22000
22000
13.03
23000
23000
11.984
24000
24000
11.846
25000
25000
12.661
26000
26000
13.542
27000
27000
14.618
28000
28000
15.769
29000
29000
16.989
30000
30000
18.024
31000
31000
19.181
32000
32000
20.823
33000
33000
21.946
34000
34000
23.204
35000
35000
24.329
36000
36000
26.325
37000
37000
27.487
38000
38000
28.663
39000
39000
30.82
40000
40000
32.653
41000
41000
33.509
42000
42000
35.827
43000
43000
36.918
44000
44000
38.66
45000
45000
40.338
46000
46000
42.714
47000
47000
43.971
48000
48000
46.464
49000
49000
47.945
50000
50000
49.656
51000
51000
51.544
52000
52000
53.981
53000
53000
55.856
54000
54000
58.23
55000
55000
60.304
56000
56000
62.363
57000
57000
65.833
58000
58000
67.617
59000
59000
73.281
60000
60000
71.715
61000
61000
74.998
62000
62000
85.019
63000
63000
83.278
64000
64000
86.476
65000
65000
86.572
66000
66000
86.906
67000
67000
89.378
68000
68000
94.214
69000
69000
105.35
70000
70000
103.087
71000
71000
105.98
72000
72000
115.398
73000
73000
110.168
74000
74000
108.919
75000
75000
116.533
76000
76000
116.959
77000
77000
127.267
78000
78000
134.946
79000
79000
133.672
80000
80000
137.589
81000
81000
142.501
82000
82000
146.984
83000
83000
145.527
84000
84000
169.049
85000
85000
148.736
86000
86000
163.49
87000
87000
158.399
88000
88000
160.426
89000
89000
177.428
90000
90000
169.974
91000
91000
260.776
92000
92000
256.488
93000
93000
199.576
94000
94000
187.564
95000
95000
198.015
96000
96000
197.273
97000
97000
192.973
98000
98000
196.222
99000
99000
201.309
100000
100000
199.587
