1000
1000
0.001
2000
2000
0.003
3000
3000
0.004
4000
4000
0.006
5000
5000
0.008
6000
6000
0.01
7000
7000
0.012
8000
8000
0.013
9000
9000
0.016
10000
10000
0.017
11000
11000
0.02
12000
12000
0.022
13000
13000
0.022
14000
14000
0.024
15000
15000
0.026
16000
16000
0.029
17000
17000
0.033
18000
18000
0.032
19000
19000
0.039
20000
20000
0.038
21000
21000
0.039
22000
22000
0.043
23000
23000
0.042
24000
24000
0.044
25000
25000
0.045
26000
26000
0.048
27000
27000
0.05
28000
28000
0.052
29000
29000
0.052
30000
30000
0.055
31000
31000
0.058
32000
32000
0.06
33000
33000
0.062
34000
34000
0.064
35000
35000
0.066
36000
36000
0.068
37000
37000
0.071
38000
38000
0.077
39000
39000
0.075
40000
40000
0.075
41000
41000
0.08
42000
42000
0.08
43000
43000
0.088
44000
44000
0.083
45000
45000
0.086
46000
46000
0.086
47000
47000
0.09
48000
48000
0.091
49000
49000
0.093
50000
50000
0.097
51000
51000
0.099
52000
52000
0.1
53000
53000
0.101
54000
54000
0.104
55000
55000
0.108
56000
56000
0.108
57000
57000
0.116
58000
58000
0.113
59000
59000
0.115
60000
60000
0.116
61000
61000
0.118
62000
62000
0.122
63000
63000
0.161
64000
64000
0.188
65000
65000
0.129
66000
66000
0.13
67000
67000
0.145
68000
68000
0.16
69000
69000
0.168
70000
70000
0.144
71000
71000
0.23
72000
72000
0.158
73000
73000
0.151
74000
74000
0.146
75000
75000
0.152
76000
76000
0.153
77000
77000
0.16
78000
78000
0.155
79000
79000
0.169
80000
80000
0.194
81000
81000
0.168
82000
82000
0.162
83000
83000
0.169
84000
84000
0.174
85000
85000
0.289
86000
86000
0.172
87000
87000
0.177
88000
88000
0.176
89000
89000
0.184
90000
90000
0.569
91000
91000
0.41
92000
92000
0.241
93000
93000
0.196
94000
94000
0.196
95000
95000
0.196
96000
96000
0.205
97000
97000
0.2
98000
98000
0.207
99000
99000
0.202
100000
100000
0.202
