1000
1500
0.002
1500
2000
0.002
2000
2500
0.005
2500
3000
0.004
3000
3500
0.005
3500
4000
0.011
4000
4500
0.008
4500
5000
0.008
5000
5500
0.009
5500
6000
0.01
6000
6500
0.011
6500
7000
0.012
7000
7500
0.014
7500
8000
0.018
8000
8500
0.021
8500
9000
0.018
9000
9500
0.018
9500
10000
0.018
10000
10500
0.02
10500
11000
0.02
11000
11500
0.022
11500
12000
0.022
12000
12500
0.023
12500
13000
0.025
13000
13500
0.026
13500
14000
0.027
14000
14500
0.028
14500
15000
0.028
15000
15500
0.03
15500
16000
0.031
16000
16500
0.032
16500
17000
0.037
17000
17500
0.035
17500
18000
0.036
18000
18500
0.037
18500
19000
0.04
19000
19500
0.039
19500
20000
0.049
20000
20500
0.042
20500
21000
0.05
21000
21500
0.044
21500
22000
0.046
22000
22500
0.045
22500
23000
0.047
23000
23500
0.047
23500
24000
0.048
24000
24500
0.05
24500
25000
0.05
25000
25500
0.052
25500
26000
0.053
26000
26500
0.054
26500
27000
0.056
27000
27500
0.074
27500
28000
0.057
28000
28500
0.085
28500
29000
0.059
29000
29500
0.06
29500
30000
0.061
30000
30500
0.063
30500
31000
0.069
31000
31500
0.067
31500
32000
0.115
32000
32500
0.067
32500
33000
0.071
33000
33500
0.125
33500
34000
0.07
34000
34500
0.073
34500
35000
0.072
35000
35500
0.073
35500
36000
0.075
36000
36500
0.077
36500
37000
0.077
37000
37500
0.168
37500
38000
0.08
38000
38500
0.087
38500
39000
0.084
39000
39500
0.083
39500
40000
0.086
40000
40500
0.085
40500
41000
0.089
41000
41500
0.096
41500
42000
0.091
42000
42500
0.099
42500
43000
0.094
43000
43500
0.093
43500
44000
0.103
44000
44500
0.095
44500
45000
0.097
45000
45500
0.109
45500
46000
0.098
46000
46500
0.121
46500
47000
0.1
47000
47500
0.133
47500
48000
0.116
48000
48500
0.105
48500
49000
0.107
49000
49500
0.107
49500
50000
0.11
50000
50500
0.112
50500
51000
0.12
